<?xml version="1.0"?>
<opencv_storage>
<corners_amount>48</corners_amount>
<corner_points>
  250. 362. 262. 356. 270. 350. 279. 345. 287. 340. 298. 335. 304. 329.
  312. 325. 262. 367. 271. 360. 281. 356. 288. 349. 298. 345. 308. 338.
  316. 334. 322. 328. 272. 372. 282. 367. 291. 359. 301. 353. 310. 347.
  320. 342. 324. 335. 334. 332. 284. 377. 295. 369. 304. 363. 312. 358.
  321. 353. 330. 345. 337. 342. 344. 335. 297. 381. 309. 377. 315. 367.
  325. 361. 331. 355. 339. 352. 348. 345. 357. 341. 312. 385. 319. 380.
  329. 373. 336. 366. 345. 361. 353. 355. 360. 349. 367. 342.</corner_points>
</opencv_storage>
