<?xml version="1.0"?>
<opencv_storage>
<corners_amount>48</corners_amount>
<corner_points>
  316. 305. 324. 309. 334. 315. 342. 319. 352. 325. 362. 329. 371. 335.
  382. 341. 304. 308. 313. 315. 323. 320. 333. 323. 342. 328. 353. 335.
  363. 341. 373. 346. 295. 314. 305. 318. 310. 324. 321. 327. 331. 337.
  339. 340. 352. 346. 361. 353. 284. 318. 291. 325. 301. 326. 310. 333.
  319. 340. 330. 347. 340. 351. 351. 359. 273. 322. 281. 329. 290. 332.
  297. 338. 306. 344. 317. 351. 331. 359. 340. 366. 259. 325. 268. 333.
  277. 339. 286. 345. 295. 351. 306. 358. 315. 364. 327. 371.</corner_points>
</opencv_storage>
