<?xml version="1.0"?>
<opencv_storage>
<calibration_time>"Fri Feb 21 13:22:58 2020"</calibration_time>
<image_width>644</image_width>
<image_height>486</image_height>
<board_width>6</board_width>
<board_height>8</board_height>
<square_size>1.1500000208616257e-01</square_size>
<camera_matrix type_id="opencv-matrix">
  <rows>3</rows>
  <cols>3</cols>
  <dt>d</dt>
  <data>
    4.9248745324013305e+02 0. 3.3189833821026031e+02 0.
    4.9452414502882198e+02 2.2943661785759028e+02 0. 0. 1.</data></camera_matrix>
<distortion_coefficients type_id="opencv-matrix">
  <rows>1</rows>
  <cols>5</cols>
  <dt>d</dt>
  <data>
    -3.4755464732948954e-01 1.2540798089896282e-01
    -3.8531176888665448e-04 1.4751545967510565e-04 0.</data></distortion_coefficients>
</opencv_storage>
