<?xml version="1.0"?>
<opencv_storage>
<corners_amount>48</corners_amount>
<corner_points>
  398. 410. 398. 399. 397. 387. 395. 375. 393. 367. 392. 358. 392. 350.
  390. 340. 416. 411. 414. 398. 411. 386. 412. 378. 410. 368. 410. 357.
  408. 348. 407. 342. 434. 407. 434. 399. 430. 387. 429. 377. 426. 368.
  425. 358. 423. 348. 422. 341. 453. 409. 451. 397. 448. 386. 445. 376.
  443. 367. 441. 357. 439. 351. 436. 340. 471. 408. 466. 396. 464. 388.
  462. 377. 460. 368. 455. 357. 454. 350. 450. 342. 488. 407. 485. 397.
  482. 384. 478. 376. 473. 366. 471. 357. 470. 351. 467. 341.</corner_points>
</opencv_storage>
