<?xml version="1.0"?>
<opencv_storage>
<calibration_time>"Fri Feb 21 13:38:03 2020"</calibration_time>
<image_width>644</image_width>
<image_height>486</image_height>
<board_width>6</board_width>
<board_height>8</board_height>
<square_size>1.1500000208616257e-01</square_size>
<camera_matrix type_id="opencv-matrix">
  <rows>3</rows>
  <cols>3</cols>
  <dt>d</dt>
  <data>
    4.8902628446845983e+02 0. 3.2260169984950790e+02 0.
    4.8785058147021874e+02 2.3268129397846286e+02 0. 0. 1.</data></camera_matrix>
<distortion_coefficients type_id="opencv-matrix">
  <rows>1</rows>
  <cols>5</cols>
  <dt>d</dt>
  <data>
    -3.4356938996195585e-01 1.2165487707250700e-01
    1.2932867193724091e-03 -7.1665461504633445e-05 0.</data></distortion_coefficients>
</opencv_storage>
