<?xml version="1.0"?>
<opencv_storage>
<corners_amount>48</corners_amount>
<corner_points>
  231. 348. 240. 344. 249. 344. 259. 340. 268. 337. 279. 336. 288. 331.
  296. 329. 240. 353. 251. 349. 260. 346. 270. 343. 277. 340. 290. 337.
  298. 335. 305. 331. 249. 356. 259. 352. 268. 349. 278. 346. 288. 344.
  296. 340. 306. 337. 318. 334. 259. 358. 268. 354. 277. 351. 288. 349.
  298. 346. 307. 342. 316. 340. 324. 337. 267. 362. 278. 359. 287. 355.
  298. 352. 308. 348. 313. 347. 325. 343. 335. 340. 277. 366. 289. 363.
  296. 359. 307. 356. 316. 352. 326. 348. 335. 346. 343. 342.</corner_points>
</opencv_storage>
