<?xml version="1.0"?>
<opencv_storage>
<corners_amount>48</corners_amount>
<corner_points>
  192. 457. 192. 447. 192. 438. 191. 430. 192. 423. 192. 414. 192. 409.
  192. 403. 211. 455. 212. 446. 210. 438. 210. 429. 210. 424. 209. 416.
  209. 409. 208. 402. 232. 454. 232. 444. 228. 438. 227. 427. 228. 421.
  227. 414. 225. 406. 225. 402. 252. 452. 250. 443. 248. 434. 247. 427.
  245. 419. 244. 413. 243. 407. 240. 401. 272. 451. 269. 442. 267. 433.
  265. 426. 263. 419. 260. 411. 259. 407. 256. 400. 292. 449. 289. 439.
  284. 432. 283. 426. 280. 417. 278. 411. 276. 405. 273. 398.</corner_points>
</opencv_storage>
