<?xml version="1.0"?>
<opencv_storage>
<corners_amount>48</corners_amount>
<corner_points>
  358. 302. 366. 303. 376. 307. 384. 308. 395. 313. 406. 314. 417. 317.
  426. 320. 349. 304. 359. 307. 368. 309. 378. 313. 387. 314. 399. 317.
  410. 321. 422. 324. 341. 307. 350. 309. 360. 313. 370. 315. 379. 319.
  391. 321. 401. 325. 414. 327. 332. 311. 342. 314. 351. 316. 362. 318.
  370. 321. 382. 324. 394. 328. 406. 332. 323. 312. 330. 314. 341. 320.
  350. 322. 362. 326. 372. 328. 386. 332. 396. 336. 313. 316. 322. 319.
  332. 322. 342. 324. 352. 328. 362. 332. 374. 335. 387. 341.</corner_points>
</opencv_storage>
