<?xml version="1.0"?>
<opencv_storage>
<corners_amount>48</corners_amount>
<corner_points>
  296. 414. 311. 414. 326. 417. 341. 413. 355. 415. 370. 415. 385. 415.
  400. 415. 295. 421. 312. 421. 325. 421. 341. 421. 356. 420. 371. 422.
  387. 421. 400. 421. 294. 426. 309. 426. 325. 427. 341. 425. 356. 427.
  373. 426. 387. 427. 402. 426. 292. 433. 310. 432. 326. 433. 341. 433.
  356. 433. 373. 433. 389. 434. 404. 433. 290. 438. 309. 439. 323. 438.
  341. 440. 357. 440. 372. 440. 390. 439. 406. 439. 290. 446. 305. 446.
  324. 445. 339. 446. 358. 446. 374. 447. 392. 447. 407. 446.</corner_points>
</opencv_storage>
