<?xml version="1.0"?>
<opencv_storage>
<camera_matrix_cam1 type_id="opencv-matrix">
  <rows>3</rows>
  <cols>3</cols>
  <dt>d</dt>
  <data>
    4.9248745324013305e+02 0. 3.3189833821026031e+02 0.
    4.9452414502882198e+02 2.2943661785759028e+02 0. 0. 1.</data></camera_matrix_cam1>
<distortion_coefficients_cam1 type_id="opencv-matrix">
  <rows>1</rows>
  <cols>5</cols>
  <dt>d</dt>
  <data>
    -3.4755464732948954e-01 1.2540798089896282e-01
    -3.8531176888665448e-04 1.4751545967510565e-04 0.</data></distortion_coefficients_cam1>
<rotation_values_cam1 type_id="opencv-matrix">
  <rows>3</rows>
  <cols>1</cols>
  <dt>d</dt>
  <data>
    8.1676511467137369e-01 2.1260315165026782e+00
    -1.5097046391980666e+00</data></rotation_values_cam1>
<translation_values_cam1 type_id="opencv-matrix">
  <rows>3</rows>
  <cols>1</cols>
  <dt>d</dt>
  <data>
    -1.4381541038537975e+02 6.4744790920838432e+02
    4.2238371084946293e+03</data></translation_values_cam1>
 <!-- resumed -->

<camera_matrix_cam2 type_id="opencv-matrix">
  <rows>3</rows>
  <cols>3</cols>
  <dt>d</dt>
  <data>
    4.8507279061452761e+02 0. 3.2952904909781466e+02 0.
    4.8717022769559628e+02 2.3242262159964909e+02 0. 0. 1.</data></camera_matrix_cam2>
<distortion_coefficients_cam2 type_id="opencv-matrix">
  <rows>1</rows>
  <cols>5</cols>
  <dt>d</dt>
  <data>
    -3.5362900793747937e-01 1.3958558143441729e-01
    7.2845837417195481e-05 -1.7128894051738852e-04 0.</data></distortion_coefficients_cam2>
<rotation_values_cam2 type_id="opencv-matrix">
  <rows>3</rows>
  <cols>1</cols>
  <dt>d</dt>
  <data>
    1.4312202893153443e+00 1.4283515961236013e+00
    -1.0141263991247136e+00</data></rotation_values_cam2>
<translation_values_cam2 type_id="opencv-matrix">
  <rows>3</rows>
  <cols>1</cols>
  <dt>d</dt>
  <data>
    -6.7035432862358846e+02 9.3267269165727782e+02
    3.5843421399795147e+03</data></translation_values_cam2>
 <!-- resumed -->

<camera_matrix_cam3 type_id="opencv-matrix">
  <rows>3</rows>
  <cols>3</cols>
  <dt>d</dt>
  <data>
    4.8902628446845983e+02 0. 3.2260169984950790e+02 0.
    4.8785058147021874e+02 2.3268129397846286e+02 0. 0. 1.</data></camera_matrix_cam3>
<distortion_coefficients_cam3 type_id="opencv-matrix">
  <rows>1</rows>
  <cols>5</cols>
  <dt>d</dt>
  <data>
    -3.4356938996195585e-01 1.2165487707250700e-01
    1.2932867193724091e-03 -7.1665461504633445e-05 0.</data></distortion_coefficients_cam3>
<rotation_values_cam3 type_id="opencv-matrix">
  <rows>3</rows>
  <cols>1</cols>
  <dt>d</dt>
  <data>
    1.9075609493580716e+00 6.4855877280712917e-02
    -4.7445984066117546e-02</data></rotation_values_cam3>
<translation_values_cam3 type_id="opencv-matrix">
  <rows>3</rows>
  <cols>1</cols>
  <dt>d</dt>
  <data>
    4.5651044155122975e+02 1.0757035065952230e+03 2.8088698702841684e+03</data></translation_values_cam3>
 <!-- resumed -->

<camera_matrix_cam4 type_id="opencv-matrix">
  <rows>3</rows>
  <cols>3</cols>
  <dt>d</dt>
  <data>
    4.8950381960432605e+02 0. 3.4334271411743367e+02 0.
    4.9185135815845894e+02 2.4153373887422970e+02 0. 0. 1.</data></camera_matrix_cam4>
<distortion_coefficients_cam4 type_id="opencv-matrix">
  <rows>1</rows>
  <cols>5</cols>
  <dt>d</dt>
  <data>
    -3.5475143959704619e-01 1.3345279026151355e-01
    -2.6839523602675109e-04 -7.5246508378536733e-04 0.</data></distortion_coefficients_cam4>
<rotation_values_cam4 type_id="opencv-matrix">
  <rows>3</rows>
  <cols>1</cols>
  <dt>d</dt>
  <data>
    1.8021735540327461e+00 5.5023850057046286e-01
    -3.8031068875047924e-01</data></rotation_values_cam4>
<translation_values_cam4 type_id="opencv-matrix">
  <rows>3</rows>
  <cols>1</cols>
  <dt>d</dt>
  <data>
    -7.1980480817837247e+02 9.3147058308762882e+02
    3.6753903181895348e+03</data></translation_values_cam4>
</opencv_storage>
