%YAML:1.0
---
calibration_time: "Wed Feb 19 10:20:32 2020"
image_width: 640
image_height: 480
board_width: 6
board_height: 9
square_size: 2.5000000372529030e-02
camera_matrix: !!opencv-matrix
   rows: 3
   cols: 3
   dt: d
   data: [ 5.3943102790265993e+02, 0., 3.3466406492600464e+02, 0.,
       5.3925832690838104e+02, 2.4089840239700791e+02, 0., 0., 1. ]
distortion_coefficients: !!opencv-matrix
   rows: 1
   cols: 5
   dt: d
   data: [ -2.8516073684248505e-01, 9.2392193488289850e-02,
       6.0973599886414789e-04, -7.5859200186350728e-04, 0. ]
extrinsic_parameters: !!opencv-matrix
   rows: 26
   cols: 6
   dt: d
   data: [ -8.9203286908679388e-02, 3.6313163398121168e-01,
       -1.5403781637704042e+00, -6.8023602560485716e-02,
       1.0090935306950126e-02, 4.2416812017515598e-01,
       -2.4468202317814586e-01, 1.0320749137574918e+00,
       -2.7917022512374960e+00, 6.8341433224940615e-02,
       1.0456803818295855e-01, 3.4463743345256992e-01,
       -3.4953062203028468e-01, -5.3041117365998772e-02,
       -1.1981467280224860e+00, -8.1499923187323770e-02,
       9.2676755469823843e-03, 2.9168072044417348e-01,
       -2.8135010363032026e-01, 1.1660538276731180e-01,
       -1.5599810935912479e+00, -9.5287520972289874e-02,
       5.3738350633918686e-02, 3.2058351956754139e-01,
       -4.6862283964392387e-01, 1.0351015671922968e-01,
       -2.2224346024801322e-01, -5.8306893204773537e-02,
       -8.8792126959270398e-02, 3.2293452524222532e-01,
       7.4285464331820247e-02, 4.5705696622808839e-01,
       1.0815537146926131e-01, 6.0739758548600600e-02,
       -8.4185327308205216e-02, 3.9081078328380808e-01,
       -9.1118227086454159e-02, 3.3491160584072061e-01,
       3.1752505370239437e-01, -8.6764080538273405e-02,
       -1.1200884892894986e-01, 4.3241231423818494e-01,
       -3.4512070908203246e-01, 2.5325875299009326e-01,
       2.1321627747518848e-01, -3.4682705673846702e-02,
       -1.1125730525750915e-01, 3.5142622784244970e-01,
       4.8162727605934375e-01, -1.5376511234202109e-01,
       -1.4115970633119956e+00, -8.3184391414304851e-02,
       3.7393991022377664e-02, 3.0252065029759517e-01,
       5.9625236605629142e-02, -5.8801304494512785e-01,
       -1.8759454506420523e-01, -5.0270615269873038e-02,
       -9.0201944769286849e-02, 2.7004877862675414e-01,
       -3.6819974871370903e-01, 8.3447189251314294e-02,
       -1.6213953457653581e-02, -6.9139635476358999e-02,
       -1.0174762489258608e-01, 3.3199108422076323e-01,
       5.0246143871627247e-01, 1.3431673424388085e-01,
       -2.9995111204401920e-01, -8.0560789329739937e-02,
       -6.3431260627341696e-02, 3.1729608815285010e-01,
       2.0361313200404377e-01, -4.0704588307269879e-01,
       -1.9823206272248392e-01, -6.3003597871522987e-02,
       -8.2429083092628391e-02, 2.6645754821912465e-01,
       -8.3267399127365832e-02, 3.2728036596311499e-01,
       -1.5495589976432742e+00, -1.6117251713486899e-01,
       2.0399953732339150e-02, 4.1805635545236119e-01,
       -2.1604543677107169e-01, 1.0029898149007370e+00,
       -2.8047444542253359e+00, -2.2240381728437623e-02,
       1.1236445244576722e-01, 3.4144062855601809e-01,
       -3.5119292952019698e-01, -7.4847594629872269e-02,
       -1.2074731855388883e+00, -1.7156816568760927e-01,
       1.6892195027047911e-02, 2.8742394733984328e-01,
       -2.7827551451142396e-01, 8.7947801262466804e-02,
       -1.5698781183143522e+00, -1.8568584955380418e-01,
       6.1986574156159567e-02, 3.1487255253466651e-01,
       -4.7898911860895904e-01, 8.2368969584745877e-02,
       -2.3277910473600533e-01, -1.4956356007226576e-01,
       -8.1147219723027214e-02, 3.2081695211107847e-01,
       5.3338336490940469e-02, 4.3996358827511833e-01,
       1.0370137052546789e-01, -3.1798531600477735e-02,
       -7.5389759885402446e-02, 3.9016993120490012e-01,
       -1.1365122933052239e-01, 3.1399293280630308e-01,
       3.0667391103607883e-01, -1.8110965570284768e-01,
       -1.0145231317875540e-01, 4.3023481755949711e-01,
       -3.5924648550712723e-01, 2.3439309410600931e-01,
       2.0012389842182385e-01, -1.2732746510394330e-01,
       -1.0298016916183141e-01, 3.5017938795300713e-01,
       4.8297733104176677e-01, -1.8208801050990961e-01,
       -1.4086478429435485e+00, -1.7356026215649345e-01,
       4.5237665160360006e-02, 2.9764133866609499e-01,
       4.5016797410319657e-02, -6.0913881541940706e-01,
       -1.8556927507233420e-01, -1.4053892391396280e-01,
       -8.3164551791921115e-02, 2.6813783132560026e-01,
       -3.8416132054892965e-01, 6.3048016169264587e-02,
       -2.6627023895508601e-02, -1.6088094415482918e-01,
       -9.3558680991659343e-02, 3.3018456948550573e-01,
       4.8801791641256520e-01, 1.1027814230351610e-01,
       -3.0048155660382175e-01, -1.7175115484079642e-01,
       -5.5267598913707992e-02, 3.1378380129374295e-01,
       1.9130356067329390e-01, -4.2743840471979933e-01,
       -1.9607738993508503e-01, -1.5307483127541058e-01,
       -7.5328101579548182e-02, 2.6387912603255453e-01 ]
