<?xml version="1.0"?>
<opencv_storage>
<corners_amount>48</corners_amount>
<corner_points>
  242. 355. 257. 355. 270. 355. 287. 356. 303. 357. 317. 356. 331. 357.
  347. 357. 240. 363. 254. 363. 270. 363. 286. 364. 303. 365. 316. 366.
  334. 365. 348. 366. 240. 373. 254. 372. 267. 373. 284. 372. 298. 374.
  318. 374. 331. 375. 350. 374. 234. 380. 251. 381. 268. 382. 283. 382.
  302. 384. 318. 383. 333. 385. 351. 385. 233. 391. 251. 392. 266. 392.
  283. 392. 300. 392. 317. 392. 333. 391. 350. 395. 231. 401. 246. 401.
  264. 401. 281. 402. 300. 402. 317. 401. 334. 402. 350. 403.</corner_points>
</opencv_storage>
